2.5000000000000004
2.5000000000000004
2.5000000000000004
2.5000000000000004
2.5000000000000004
2.5000000000000004
2.5000000000000004
2.5000000000000004
2.5000000000000004
2.5000000000000004
2.5000000000000004
2.5000000000000004
2.5000000000000004
2.5000000000000004
2.5000000000000004
2.5000000000000004
2.5000000000000004
2.5000000000000004
2.5000000000000004
2.5000000000000004
2.5000000000000004
2.5000000000000004
2.5000000000000004
2.5000000000000004
2.5000000000000004
2.5000000000000004
2.5000000000000004
2.5000000000000004
2.5000000000000004
2.5000000000000004
2.5000000000000004
2.5000000000000004
2.5000000000000004
2.5000000000000004
2.5000000000000004
2.5000000000000004
2.5000000000000004
2.5000000000000004
2.5000000000000004
2.5000000000000004
2.5000000000000004
2.5000000000000004
2.5000000000000004
2.5000000000000004
2.5000000000000004
2.5000000000000004
2.5000000000000004
2.5000000000000004
2.5000000000000004
2.5000000000000004
2.5000000000000004
0.25000000000000006
0.25000000000000006
0.25000000000000006
0.25000000000000006
0.25000000000000006
0.25000000000000006
0.25000000000000006
0.25000000000000006
0.25000000000000006
0.25000000000000006
0.25000000000000006
0.25000000000000006
0.25000000000000006
0.25000000000000006
0.25000000000000006
0.25000000000000006
0.25000000000000006
0.25000000000000006
0.25000000000000006
0.25000000000000006
0.25000000000000006
0.25000000000000006
0.25000000000000006
0.25000000000000006
0.25000000000000006
0.25000000000000006
0.25000000000000006
0.25000000000000006
0.25000000000000006
0.25000000000000006
0.25000000000000006
0.25000000000000006
0.25000000000000006
0.25000000000000006
0.25000000000000006
0.25000000000000006
0.25000000000000006
0.25000000000000006
0.25000000000000006
0.25000000000000006
0.25000000000000006
0.25000000000000006
0.25000000000000006
0.25000000000000006
0.25000000000000006
0.25000000000000006
0.25000000000000006
0.25000000000000006
0.25000000000000006
0.25000000000000006
