   0.0000000000000000        0.0000000000000000        0.0000000000000000     
   0.0000000000000000        0.0000000000000000        0.0000000000000000     
   0.0000000000000000        0.0000000000000000        0.0000000000000000     
   8.3604772482530135E-002   7.7310456041174799E-002   8.7254295260532189E-002
  0.10214626098648144        9.2642966331177731E-002  0.10354023623670258     
  0.10354017688013450        9.2642950104830313E-002  0.10214623988875066     
   8.7254266285295090E-002   7.7310432321577749E-002   8.3604722585655877E-002
   5.9509149050155807E-002   5.2501931258925660E-002   5.4998037625733520E-002
   3.0902340215692048E-002   2.7693422856922778E-002   2.7252845536111625E-002
   1.2360876418212374E-002   1.2360888392972003E-002   1.0966896044414920E-002
   1.0966900474242092E-002   1.2360892953860336E-002   1.2360882348308344E-002
   2.7252858560599835E-002   2.7693434797483985E-002   3.0902354240639696E-002
   5.4997998835245809E-002   5.2501906163548606E-002   5.9509165812907883E-002
   8.3604651236177968E-002   7.7310400176019700E-002   8.7254169800905057E-002
  0.10214632206142638        9.2642975758081419E-002  0.10354015609315295     
  0.10354031813630726        9.2643030919545649E-002  0.10214639378331776     
   8.7254393609605296E-002   7.7310497912541409E-002   8.3604820860663009E-002
   0.0000000000000000        0.0000000000000000        0.0000000000000000     
   0.0000000000000000        0.0000000000000000        0.0000000000000000     
   0.0000000000000000        0.0000000000000000        0.0000000000000000     
