   0.0000000000000000     
   0.0000000000000000     
   0.0000000000000000     
  0.58748966460576346     
  0.30866592069078641     
  -3.5304918311021116E-004
 -0.30931817206853002     
 -0.58798191924494037     
 -0.80906167723271860     
 -0.95098303634176995     
  -1.0000676966127511     
 -0.95102026991453603     
 -0.80882852383844606     
 -0.58748958505664461     
 -0.30866598810361845     
   3.5300083440447923E-004
  0.30931828442538428     
   0.0000000000000000     
   0.0000000000000000     
   0.0000000000000000     
