   0.0000000000000000     
   0.0000000000000000     
   0.0000000000000000     
  0.30931811984272539     
   3.5295057354738232E-004
 -0.30866598249575861     
 -0.58748967466048663     
 -0.80882864537100352     
 -0.95102032007423198     
  -1.0000676965870701     
 -0.95098298230282619     
 -0.80906156888779424     
 -0.58798181849200759     
 -0.30931816405372980     
  -3.5301800363478429E-004
  0.30866609015774671     
  0.58748990560370051     
   0.0000000000000000     
   0.0000000000000000     
   0.0000000000000000     
