   0.0000000000000000        0.0000000000000000        0.0000000000000000     
   0.0000000000000000        0.0000000000000000        0.0000000000000000     
   0.0000000000000000        0.0000000000000000        0.0000000000000000     
  0.27435221360971906       0.64168706795428987        8.3960718435990872E-002
  0.26625642942153205       0.64736508255431058        8.6378488024157374E-002
  0.26037168573311048       0.65045284340664267        8.9175470860246908E-002
  0.25571274328882926       0.65144570448535721        9.2841552225813528E-002
  0.25254213154632410       0.64890155009956707        9.8556318354108871E-002
  0.25517311969711104       0.63546425590598155       0.10936262439690755     
  0.29210343081689294       0.58420572981102037       0.12369083937208671     
  0.35251404102799405       0.55498783076292602        9.2498128209079877E-002
  0.31287886917049185       0.60600640158158869        8.1114729247919598E-002
  0.28740582653488567       0.63076624628385103        8.1827927181263319E-002
  0.27435247037113591       0.64168673469264725        8.3960794936216832E-002
  0.26625619527557942       0.64736515564983932        8.6378649074581357E-002
  0.26037152571531486       0.65045308361658705        8.9175390668098167E-002
  0.25571252631241459       0.65144594755028784        9.2841526137297570E-002
   0.0000000000000000        0.0000000000000000        0.0000000000000000     
   0.0000000000000000        0.0000000000000000        0.0000000000000000     
   0.0000000000000000        0.0000000000000000        0.0000000000000000     
