   0.0000000000000000        0.0000000000000000        0.0000000000000000     
   0.0000000000000000        0.0000000000000000        0.0000000000000000     
   0.0000000000000000        0.0000000000000000        0.0000000000000000     
   9.2841504575883749E-002  0.65144574798377752       0.25571274744033873     
   8.9175484247856401E-002  0.65045298189877121       0.26037153385337236     
   8.6378549416801384E-002  0.64736502720728029       0.26625642337591837     
   8.3960708962407413E-002  0.64168696312149154       0.27435232791610104     
   8.1828052022835163E-002  0.63076625028268951       0.28740569769447527     
   8.1114730256135720E-002  0.60600638162703635       0.31287888811682790     
   9.2498144525348616E-002  0.55498780571855877       0.35251404975609263     
  0.12369083980078323       0.58420577266334439       0.29210338753587223     
  0.10936261655721705       0.63546426975753345       0.25517311368524948     
   9.8556396559816503E-002  0.64890177000287230       0.25254183343731118     
   9.2841593177563395E-002  0.65144542167324504       0.25571298514919150     
   8.9175362980017103E-002  0.65045274281398413       0.26037189420599877     
   8.6378500947750320E-002  0.64736530087911170       0.26625619817313800     
   8.3960630072522982E-002  0.64168714409486882       0.27435222583260827     
   0.0000000000000000        0.0000000000000000        0.0000000000000000     
   0.0000000000000000        0.0000000000000000        0.0000000000000000     
   0.0000000000000000        0.0000000000000000        0.0000000000000000     
